0 4737
1 4767
2 1591
3 1600
4 1594
5 1588
6 1621
7 1556
8 1579
9 1552
10 1574
11 1580
12 1579
13 1550
14 1567
15 1569
16 1542
17 1552
18 1623
19 1548
20 1594
21 1624
22 1557
23 1597
24 1529
25 1528
26 1586
27 1581
28 1567
29 1528
30 1588
31 1627
32 1571
33 1550
34 1662
35 1510
36 1551
37 1587
38 1630
39 1547
40 1535
41 1546
42 1582
43 1588
44 1587
45 1589
46 1565
47 1540
48 1573
49 1561
50 1618
51 1568
52 1538
53 1677
54 1583
55 1651
56 1593
57 1575
58 1607
59 1557
60 1598
61 1544
62 1590
63 1626
64 1603
65 1609
66 1614
67 1622
68 1566
69 1623
70 1497
71 1552
72 1528
73 1552
74 1567
75 1624
76 1589
77 1569
78 1581
79 1592
80 1551
81 1551
82 1560
83 1570
84 1559
85 1537
86 1532
87 1506
88 1588
89 1533
90 1559
91 1594
92 1586
93 1559
94 1554
95 1564
96 1563
97 1583
98 1593
99 1578
100 1510
101 1527
102 1557
103 1570
104 1574
105 1600
106 1559
107 1590
108 1556
109 1595
110 1591
111 1583
112 1601
113 1536
114 1619
115 1540
116 1604
117 1586
118 1518
119 1604
120 1545
121 1572
122 1596
123 1563
124 1574
125 1611
126 1593
127 1555
128 1542
129 1553
130 1610
131 1549
132 1607
133 1586
134 1624
135 1608
136 1585
137 1553
138 1568
139 1571
140 1555
141 1615
142 1581
143 1600
144 1580
145 1632
146 1592
147 1549
148 1563
149 1614
150 1587
151 1608
152 1585
153 1624
154 1531
155 1586
156 1528
157 1625
158 1606
159 1542
160 1594
161 1558
162 1577
163 1600
164 1571
165 1539
166 1602
167 1521
168 1582
169 1549
170 1545
171 1579
172 1561
173 1537
174 1598
175 1558
176 1574
177 1574
178 1547
179 1579
180 1559
181 1570
182 1542
183 1573
184 1581
185 1586
186 1595
187 1563
188 1572
189 1585
190 1592
191 1591
192 1587
193 1596
194 1569
195 1564
196 1589
197 1600
198 1626
199 1565
200 1572
201 1578
202 1603
203 1588
204 1612
205 1573
206 1654
207 1531
208 1606
209 1579
210 1565
211 1606
212 1647
213 1573
214 1541
215 1613
216 1583
217 1541
218 1475
219 1495
220 1565
221 1578
222 1594
223 1601
224 1521
225 1560
226 1568
227 1626
228 1577
229 1546
230 1596
231 1573
232 1567
233 1575
234 1572
235 1585
236 1575
237 1536
238 1589
239 1580
240 1590
241 1588
242 1598
243 1618
244 1603
245 1546
246 1588
247 1563
248 1550
249 1537
250 1583
251 1551
252 1553
253 1552
254 1543
255 1579
256 1599
257 1568
258 1561
259 1573
260 1584
261 1563
262 1562
263 1567
264 1525
265 1529
266 1584
267 1583
268 1578
269 1607
270 1596
271 1539
272 1627
273 1553
274 1536
275 1591
276 1586
277 1616
278 1546
279 1574
280 1599
281 1597
282 1576
283 1569
284 1561
285 1615
286 1579
287 1517
288 1585
289 1610
290 1562
291 1577
292 1548
293 1578
294 1556
295 1501
296 1527
297 1556
298 1562
299 1571
300 1571
301 1543
302 1574
303 1587
304 1552
305 1618
306 1572
307 1622
308 1623
309 1535
310 1628
311 1525
312 1621
313 1539
314 1617
315 1605
316 1604
317 1571
318 1529
319 1549
320 1596
321 1592
322 1633
323 1578
324 1579
325 1617
326 1605
327 1618
328 1588
329 1601
330 1565
331 1565
332 1583
333 1565
334 1547
335 1556
336 1592
337 1617
338 1499
339 1616
340 1631
341 1575
342 1616
343 1631
344 1601
345 1618
346 1567
347 1603
348 1548
349 1533
350 1537
351 1555
352 1557
353 1535
354 1662
355 1589
356 1591
357 1614
358 1547
359 1568
360 1555
361 1591
362 1619
363 1575
364 1598
365 1588
366 1593
367 1634
368 1573
369 1524
370 1553
371 1575
372 1482
373 1577
374 1578
375 1610
376 1605
377 1574
378 1573
379 1522
380 1543
381 1587
382 1584
383 1572
384 1554
385 1572
386 1521
387 1564
388 1524
389 1608
390 1547
391 1607
392 1641
393 1592
394 1603
395 1544
396 1551
397 1615
398 1565
399 1543
400 1559
401 1578
402 1564
403 1573
404 1628
405 1565
406 1578
407 1604
408 1565
409 1544
410 1573
411 1599
412 1539
413 1557
414 1541
415 1567
416 1570
417 1555
418 1587
419 1550
420 1584
421 1608
422 1603
423 1562
424 1595
425 1574
426 1585
427 1494
428 1543
429 1574
430 1603
431 1613
432 1607
433 1544
434 1497
435 1531
436 1594
437 1600
438 1593
439 1583
440 1568
441 1570
442 1580
443 1571
444 1538
445 1586
446 1585
447 1594
448 1595
449 1593
450 1577
451 1574
452 1570
453 1561
454 1577
455 1558
456 1609
457 1576
458 1610
459 1559
460 1529
461 1597
462 1603
463 1575
464 1593
465 1547
466 1553
467 1547
468 1604
469 1578
470 1564
471 1579
472 1586
473 1595
474 1570
475 1564
476 1567
477 1575
478 1591
479 1551
480 1573
481 1517
482 1611
483 1589
484 1572
485 1548
486 1558
487 1602
488 1538
489 1612
490 1599
491 1497
492 1572
493 1551
494 1530
495 1558
496 1561
497 1592
498 1556
499 1555
500 1592
501 1578
502 1580
503 1606
504 1596
505 1559
506 1494
507 1555
508 1608
509 1617
510 1606
511 1613
512 1607
513 1503
514 1577
515 1590
516 1603
517 1551
518 1552
519 1578
520 1524
521 1578
522 1550
523 1600
524 1536
525 1565
526 1592
527 1579
528 1560
529 1581
530 1565
531 1502
532 1576
533 1577
534 1570
535 1595
536 1562
537 1598
538 1584
539 1588
540 1592
541 1522
542 1536
543 1586
544 1581
545 1536
546 1565
547 1572
548 1520
549 1588
550 1570
551 1566
552 1611
553 1570
554 1560
555 1598
556 1619
557 1602
558 1588
559 1596
560 1581
561 1589
562 1544
563 1621
564 1585
565 1568
566 1570
567 1626
568 1545
569 1543
570 1522
571 1648
572 1611
573 1586
574 1582
575 1588
576 1581
577 1630
578 1553
579 1587
580 1549
581 1593
582 1587
583 1579
584 1580
585 1576
586 1579
587 1533
588 1632
589 1553
590 1546
591 1625
592 1588
593 1577
594 1627
595 1613
596 1565
597 1582
598 1586
599 1583
600 1547
601 1626
602 1557
603 1532
604 1599
605 1533
606 1546
607 1547
608 1572
609 1580
610 1603
611 1564
612 1583
613 1556
614 1589
615 1597
616 1577
617 1632
618 1582
619 1598
620 1528
621 1555
622 1530
623 1557
624 1603
625 1533
626 1568
627 1578
628 1602
629 1586
630 1613
631 1519
632 1516
633 1576
634 1575
635 1563
636 1564
637 1577
638 1611
639 1571
640 1575
641 1587
642 1582
643 1522
644 1580
645 1573
646 1593
647 1586
648 1572
649 1580
650 1585
651 1525
652 1569
653 1550
654 1556
655 1582
656 1601
657 1556
658 1593
659 1603
660 1560
661 1635
662 1591
663 1585
664 1529
665 1566
666 1552
667 1580
668 1537
669 1565
670 1640
671 1561
672 1505
673 1575
674 1556
675 1562
676 1599
677 1562
678 1567
679 1594
680 1570
681 1607
682 1561
683 1606
684 1615
685 1590
686 1567
687 1546
688 1588
689 1618
690 1536
691 1565
692 1621
693 1603
694 1593
695 1550
696 1623
697 1618
698 1568
699 1619
700 1598
701 1584
702 1571
703 1609
704 1547
705 1537
706 1575
707 1571
708 1584
709 1578
710 1589
711 1589
712 1599
713 1561
714 1588
715 1563
716 1565
717 1566
718 1564
719 1595
720 1569
721 1621
722 1517
723 1585
724 1590
725 1592
726 1606
727 1549
728 1590
729 1519
730 1546
731 1557
732 1619
733 1559
734 1571
735 1567
736 1541
737 1555
738 1535
739 1519
740 1577
741 1641
742 1594
743 1585
744 1562
745 1582
746 1591
747 1542
748 1570
749 1582
750 1555
751 1588
752 1569
753 1574
754 1593
755 1612
756 1577
757 1596
758 1584
759 1608
760 1595
761 1559
762 1547
763 1608
764 1550
765 1574
766 1575
767 1533
768 1541
769 1633
770 1592
771 1586
772 1595
773 1582
774 1587
775 1590
776 1537
777 1611
778 1601
779 1548
780 1567
781 1554
782 1587
783 1606
784 1591
785 1525
786 1579
787 1561
788 1571
789 1574
790 1604
791 1540
792 1581
793 1586
794 1569
795 1583
796 1610
797 1608
798 1560
799 1598
800 1562
801 1583
802 1574
803 1579
804 1636
805 1567
806 1605
807 1537
808 1497
809 1617
810 1619
811 1607
812 1563
813 1599
814 1599
815 1571
816 1522
817 1570
818 1559
819 1585
820 1560
821 1615
822 1550
823 1553
824 1537
825 1581
826 1559
827 1618
828 1581
829 1576
830 1564
831 1515
832 1651
833 1603
834 1595
835 1575
836 1620
837 1545
838 1584
839 1533
840 1587
841 1574
842 1583
843 1553
844 1582
845 1542
846 1565
847 1589
848 1611
849 1606
850 1603
851 1610
852 1513
853 1565
854 1619
855 1543
856 1574
857 1603
858 1544
859 1562
860 1578
861 1543
862 1611
863 1555
864 1598
865 1577
866 1608
867 1594
868 1545
869 1561
870 1555
871 1601
872 1571
873 1562
874 1581
875 1581
876 1574
877 1567
878 1569
879 1570
880 1562
881 1560
882 1589
883 1566
884 1581
885 1523
886 1581
887 1591
888 1600
889 1568
890 1586
891 1584
892 1573
893 1567
894 1543
895 1558
896 1623
897 1581
898 1584
899 1609
900 1595
901 1572
902 1616
903 1565
904 1586
905 1538
906 1589
907 1570
908 1582
909 1607
910 1595
911 1582
912 1633
913 1561
914 1549
915 1618
916 1571
917 1579
918 1571
919 1609
920 1576
921 1588
922 1582
923 1600
924 1653
925 1572
926 1593
927 1609
928 1596
929 1584
930 1574
931 1592
932 1601
933 1573
934 1535
935 1615
936 1580
937 1552
938 1610
939 1575
940 1609
941 1599
942 1569
943 1623
944 1580
945 1545
946 1555
947 1551
948 1545
949 1539
950 1558
951 1498
952 1583
953 1596
954 1565
955 1530
956 1603
957 1615
958 1560
959 1580
960 1528
961 1616
962 1575
963 1594
964 1593
965 1639
966 1559
967 1548
968 1599
969 1544
970 1613
971 1558
972 1546
973 1601
974 1548
975 1568
976 1571
977 1585
978 1545
979 1579
980 1588
981 1518
982 1581
983 1576
984 1577
985 1605
986 1558
987 1554
988 1595
989 1623
990 1568
991 1536
992 1552
993 1594
994 1563
995 1561
996 1569
997 1543
998 1562
999 1533
1000 1558
1001 1567
1002 1520
1003 1562
1004 1522
1005 1615
1006 1584
1007 1607
1008 1557
1009 1592
1010 1596
1011 1592
1012 1563
1013 1622
1014 1639
1015 1583
1016 1572
1017 1540
1018 1550
1019 1594
1020 1567
1021 1545
1022 1570
1023 1569
1024 1507
1025 1571
1026 1591
1027 1572
1028 1554
1029 1598
1030 1518
1031 1600
1032 1562
1033 1565
1034 1575
1035 1517
1036 1625
1037 1608
1038 1576
1039 1541
1040 1586
1041 1614
1042 1553
1043 1490
1044 1595
1045 1606
1046 1599
1047 1587
1048 1553
1049 1564
1050 1578
1051 1540
1052 1590
1053 1559
1054 1601
1055 1598
1056 1595
1057 1564
1058 1550
1059 1569
1060 1611
1061 1541
1062 1575
1063 1604
1064 1604
1065 1596
1066 1566
1067 1588
1068 1592
1069 1641
1070 1630
1071 1568
1072 1573
1073 1607
1074 1572
1075 1611
1076 1589
1077 1589
1078 1543
1079 1619
1080 1539
1081 1547
1082 1603
1083 1540
1084 1621
1085 1555
1086 1549
1087 1593
1088 1550
1089 1585
1090 1560
1091 1605
1092 1593
1093 1557
1094 1583
1095 1561
1096 1585
1097 1526
1098 1562
1099 1598
1100 1565
1101 1606
1102 1544
1103 1605
1104 1616
1105 1542
1106 1616
1107 1563
1108 1577
1109 1552
1110 1531
1111 1569
1112 1567
1113 1572
1114 1570
1115 1565
1116 1560
1117 1581
1118 1577
1119 1601
1120 1567
1121 1575
1122 1520
1123 1563
1124 1536
1125 1572
1126 1569
1127 1600
1128 1564
1129 1590
1130 1548
1131 1615
1132 1577
1133 1566
1134 1545
1135 1573
1136 1567
1137 1559
1138 1566
1139 1597
1140 1611
1141 1532
1142 1574
1143 1547
1144 1603
1145 1577
1146 1580
1147 1583
1148 1539
1149 1556
1150 1576
1151 1566
1152 1610
1153 1540
1154 1616
1155 1572
1156 1597
1157 1610
1158 1582
1159 1568
1160 1648
1161 1556
1162 1557
1163 1588
1164 1524
1165 1563
1166 1578
1167 1534
1168 1617
1169 1587
1170 1615
1171 1616
1172 1610
1173 1601
1174 1630
1175 1595
1176 1583
1177 1604
1178 1546
1179 1607
1180 1595
1181 1601
1182 1595
1183 1554
1184 1563
1185 1590
1186 1528
1187 1547
1188 1589
1189 1628
1190 1563
1191 1551
1192 1549
1193 1620
1194 1547
1195 1550
1196 1576
1197 1601
1198 1559
1199 1596
1200 1585
1201 1560
1202 1514
1203 1574
1204 1606
1205 1562
1206 1555
1207 1546
1208 1621
1209 1553
1210 1581
1211 1575
1212 1602
1213 1574
1214 1512
1215 1551
1216 1561
1217 1615
1218 1538
1219 1597
1220 1521
1221 1614
1222 1608
1223 1591
1224 1547
1225 1529
1226 1571
1227 1604
1228 1607
1229 1570
1230 1595
1231 1595
1232 1551
1233 1589
1234 1584
1235 1568
1236 1567
1237 1609
1238 1541
1239 1544
1240 1551
1241 1575
1242 1580
1243 1613
1244 1598
1245 1523
1246 1593
1247 1629
1248 1578
1249 1602
1250 1582
1251 1584
1252 1547
1253 1568
1254 1528
1255 1560
1256 1616
1257 1587
1258 1603
1259 1575
1260 1560
1261 1540
1262 1578
1263 1568
1264 1617
1265 1567
1266 1584
1267 1647
1268 1613
1269 1589
1270 1605
1271 1532
1272 1597
1273 1605
1274 1539
1275 1580
1276 1586
1277 1569
1278 1548
1279 1590
1280 1577
1281 1581
1282 1509
1283 1540
1284 1549
1285 1612
1286 1596
1287 1607
1288 1589
1289 1571
1290 1612
1291 1555
1292 1575
1293 1610
1294 1591
1295 1553
1296 1525
1297 1588
1298 1576
1299 1559
1300 1585
1301 1585
1302 1594
1303 1544
1304 1601
1305 1587
1306 1591
1307 1620
1308 1595
1309 1595
1310 1603
1311 1569
1312 1557
1313 1523
1314 1603
1315 1560
1316 1560
1317 1538
1318 1488
1319 1609
1320 1560
1321 1553
1322 1550
1323 1601
1324 1633
1325 1556
1326 1560
1327 1552
1328 1592
1329 1577
1330 1591
1331 1590
1332 1562
1333 1585
1334 1513
1335 1595
1336 1507
1337 1527
1338 1591
1339 1584
1340 1574
1341 1653
1342 1566
1343 1565
1344 1623
1345 1653
1346 1542
1347 1573
1348 1542
1349 1641
1350 1602
1351 1601
1352 1560
1353 1566
1354 1564
1355 1530
1356 1565
1357 1566
1358 1567
1359 1553
1360 1532
1361 1585
1362 1581
1363 1590
1364 1537
1365 1578
1366 1559
1367 1596
1368 1601
1369 1574
1370 1509
1371 1590
1372 1594
1373 1544
1374 1578
1375 1595
1376 1575
1377 1524
1378 1587
1379 1574
1380 1577
1381 1528
1382 1610
1383 1567
1384 1590
1385 1582
1386 1604
1387 1591
1388 1564
1389 1566
1390 1540
1391 1588
1392 1553
1393 1546
1394 1560
1395 1542
1396 1549
1397 1601
1398 1607
1399 1540
1400 1577
1401 1639
1402 1575
1403 1600
1404 1598
1405 1593
1406 1581
1407 1571
1408 1565
1409 1566
1410 1562
1411 1586
1412 1523
1413 1604
1414 1593
1415 1623
1416 1591
1417 1532
1418 1559
1419 1554
1420 1608
1421 1524
1422 1598
1423 1610
1424 1639
1425 1556
1426 1593
1427 1594
1428 1624
1429 1593
1430 1562
1431 1586
1432 1602
1433 1569
1434 1532
1435 1547
1436 1580
1437 1586
1438 1628
1439 1516
1440 1536
1441 1582
1442 1572
1443 1566
1444 1578
1445 1586
1446 1596
1447 1568
1448 1552
1449 1510
1450 1571
1451 1525
1452 1549
1453 1606
1454 1573
1455 1557
1456 1536
1457 1547
1458 1595
1459 1599
1460 1635
1461 1576
1462 1574
1463 1578
1464 1543
1465 1554
1466 1568
1467 1549
1468 1612
1469 1567
1470 1623
1471 1588
1472 1585
1473 1560
1474 1565
1475 1573
1476 1541
1477 1565
1478 1591
1479 1552
1480 1584
1481 1541
1482 1552
1483 1588
1484 1571
1485 1605
1486 1527
1487 1527
1488 1608
1489 1535
1490 1583
1491 1599
1492 1559
1493 1576
1494 1618
1495 1577
1496 1601
1497 1588
1498 1578
1499 1602
1500 1554
1501 1612
1502 1549
1503 1589
1504 1571
1505 1582
1506 1599
1507 1622
1508 1527
1509 1607
1510 1550
1511 1534
1512 1557
1513 1564
1514 1548
1515 1575
1516 1567
1517 1602
1518 1613
1519 1538
1520 1586
1521 1577
1522 1627
1523 1590
1524 1532
1525 1565
1526 1593
1527 1564
1528 1578
1529 1576
1530 1582
1531 1571
1532 1548
1533 1556
1534 1622
1535 1574
1536 1605
1537 1567
1538 1598
1539 1560
1540 1575
1541 1594
1542 1568
1543 1556
1544 1572
1545 1557
1546 1622
1547 1550
1548 1614
1549 1546
1550 1556
1551 1601
1552 1554
1553 1535
1554 1567
1555 1584
1556 1560
1557 1593
1558 1600
1559 1572
1560 1640
1561 1618
1562 1575
1563 1596
1564 1589
1565 1573
1566 1527
1567 1552
1568 1551
1569 1563
1570 1552
1571 1559
1572 1585
1573 1527
1574 1561
1575 1575
1576 1556
1577 1577
1578 1575
1579 1571
1580 1585
1581 1539
1582 1636
1583 1600
1584 1592
1585 1592
1586 1636
1587 1566
1588 1596
1589 1541
1590 1596
1591 1560
1592 1589
1593 1598
1594 1650
1595 1632
1596 1546
1597 1535
1598 1606
1599 1588
1600 1614
1601 1543
1602 1558
1603 1563
1604 1571
1605 1567
1606 1573
1607 1548
1608 1588
1609 1590
1610 1603
1611 1544
1612 1586
1613 1631
1614 1598
1615 1564
1616 1620
1617 1568
1618 1559
1619 1593
1620 1566
1621 1553
1622 1588
1623 1543
1624 1594
1625 1557
1626 1572
1627 1581
1628 1572
1629 1599
1630 1586
1631 1586
1632 1597
1633 1565
1634 1565
1635 1592
1636 1579
1637 1570
1638 1599
1639 1538
1640 1568
1641 1567
1642 1573
1643 1560
1644 1576
1645 1606
1646 1595
1647 1598
1648 1602
1649 1542
1650 1565
1651 1630
1652 1604
1653 1592
1654 1605
1655 1644
1656 1578
1657 1610
1658 1590
1659 1589
1660 1576
1661 1580
1662 1503
1663 1574
1664 1584
1665 1556
1666 1555
1667 1596
1668 1574
1669 1569
1670 1534
1671 1588
1672 1607
1673 1541
1674 1557
1675 1592
1676 1571
1677 1601
1678 1599
1679 1580
1680 1562
1681 1539
1682 1557
1683 1557
1684 1568
1685 1552
1686 1569
1687 1602
1688 1602
1689 1588
1690 1556
1691 1597
1692 1552
1693 1546
1694 1580
1695 1591
1696 1594
1697 1595
1698 1557
1699 1515
1700 1572
1701 1568
1702 1566
1703 1557
1704 1610
1705 1556
1706 1575
1707 1549
1708 1567
1709 1594
1710 1569
1711 1541
1712 1631
1713 1603
1714 1583
1715 1603
1716 1562
1717 1553
1718 1565
1719 1552
1720 1608
1721 1584
1722 1560
1723 1603
1724 1602
1725 1598
1726 1589
1727 1568
1728 1569
1729 1573
1730 1531
1731 1611
1732 1574
1733 1536
1734 1607
1735 1550
1736 1611
1737 1595
1738 1558
1739 1624
1740 1581
1741 1570
1742 1577
1743 1573
1744 1533
1745 1554
1746 1580
1747 1509
1748 1610
1749 1535
1750 1574
1751 1527
1752 1588
1753 1544
1754 1547
1755 1603
1756 1586
1757 1532
1758 1576
1759 1605
1760 1596
1761 1593
1762 1581
1763 1578
1764 1594
1765 1566
1766 1600
1767 1515
1768 1539
1769 1531
1770 1603
1771 1523
1772 1550
1773 1642
1774 1536
1775 1606
1776 1563
1777 1564
1778 1588
1779 1590
1780 1562
1781 1568
1782 1584
1783 1581
1784 1576
1785 1567
1786 1607
1787 1583
1788 1547
1789 1538
1790 1506
1791 1546
1792 1577
1793 1565
1794 1549
1795 1568
1796 1533
1797 1619
1798 1558
1799 1562
1800 1589
1801 1582
1802 1546
1803 1598
1804 1556
1805 1549
1806 1539
1807 1594
1808 1602
1809 1560
1810 1588
1811 1547
1812 1536
1813 1575
1814 1615
1815 1577
1816 1591
1817 1593
1818 1573
1819 1532
1820 1594
1821 1530
1822 1589
1823 1572
1824 1645
1825 1585
1826 1586
1827 1605
1828 1554
1829 1538
1830 1590
1831 1525
1832 1596
1833 1592
1834 1608
1835 1552
1836 1520
1837 1564
1838 1573
1839 1569
1840 1587
1841 1502
1842 1612
1843 1586
1844 1551
1845 1601
1846 1545
1847 1570
1848 1582
1849 1625
1850 1514
1851 1579
1852 1587
1853 1574
1854 1571
1855 1529
1856 1589
1857 1568
1858 1568
1859 1559
1860 1544
1861 1564
1862 1529
1863 1598
1864 1539
1865 1588
1866 1608
1867 1537
1868 1615
1869 1530
1870 1560
1871 1554
1872 1564
1873 1572
1874 1587
1875 1563
1876 1574
1877 1583
1878 1548
1879 1553
1880 1586
1881 1589
1882 1578
1883 1598
1884 1532
1885 1595
1886 1553
1887 1546
1888 1538
1889 1569
1890 1550
1891 1538
1892 1530
1893 1554
1894 1557
1895 1562
1896 1548
1897 1597
1898 1552
1899 1591
1900 1525
1901 1606
1902 1555
1903 1620
1904 1576
1905 1599
1906 1593
1907 1626
1908 1547
1909 1599
1910 1578
1911 1575
1912 1599
1913 1553
1914 1558
1915 1582
1916 1611
1917 1613
1918 1609
1919 1599
1920 1583
1921 1592
1922 1547
1923 1532
1924 1566
1925 1585
1926 1629
1927 1533
1928 1649
1929 1632
1930 1535
1931 1561
1932 1531
1933 1550
1934 1560
1935 1550
1936 1602
1937 1573
1938 1560
1939 1615
1940 1649
1941 1534
1942 1583
1943 1576
1944 1574
1945 1540
1946 1558
1947 1581
1948 1589
1949 1615
1950 1621
1951 1663
1952 1579
1953 1571
1954 1582
1955 1586
1956 1536
1957 1587
1958 1539
1959 1590
1960 1549
1961 1553
1962 1566
1963 1544
1964 1550
1965 1567
1966 1538
1967 1590
1968 1530
1969 1551
1970 1557
1971 1583
1972 1581
1973 1584
1974 1521
1975 1588
1976 1578
1977 1638
1978 1546
1979 1552
1980 1523
1981 1571
1982 1595
1983 1580
1984 1608
1985 1602
1986 1536
1987 1541
1988 1548
1989 1555
1990 1575
1991 1557
1992 1548
1993 1571
1994 1609
1995 1541
1996 1621
1997 1621
1998 1556
1999 1598
2000 1582
2001 1563
2002 1629
2003 1564
2004 1593
2005 1534
2006 1560
2007 1560
2008 1572
2009 1558
2010 1631
2011 1517
2012 1553
2013 1629
2014 1577
2015 1568
2016 1582
2017 1581
2018 1560
2019 1543
2020 1592
2021 1609
2022 1549
2023 1623
2024 1621
2025 1577
2026 1520
2027 1504
2028 1586
2029 1562
2030 1596
2031 1535
2032 1585
2033 1545
2034 1577
2035 1576
2036 1581
2037 1632
2038 1573
2039 1542
2040 1562
2041 1604
2042 1608
2043 1626
2044 1614
2045 1569
2046 1605
2047 1553
2048 1622
2049 1577
2050 1573
2051 1581
2052 1542
2053 1587
2054 1551
2055 1567
2056 1587
2057 1605
2058 1563
2059 1562
2060 1559
2061 1611
2062 1611
2063 1597
2064 1576
2065 1553
2066 1587
2067 1596
2068 1572
2069 1578
2070 1601
2071 1582
2072 1523
2073 1541
2074 1632
2075 1620
2076 1586
2077 1579
2078 1551
2079 1531
2080 1591
2081 1529
2082 1585
2083 1591
2084 1539
2085 1590
2086 1562
2087 1592
2088 1579
2089 1544
2090 1586
2091 1545
2092 1600
2093 1529
2094 1569
2095 1553
2096 1614
2097 1574
2098 1570
2099 1517
2100 1597
2101 1521
2102 1548
2103 1545
2104 1565
2105 1569
2106 1566
2107 1531
2108 1563
2109 1607
2110 1562
2111 1572
2112 1562
2113 1575
2114 1586
2115 1577
2116 1560
2117 1569
2118 1603
2119 1574
2120 1593
2121 1583
2122 1524
2123 1585
2124 1601
2125 1570
2126 1567
2127 1568
2128 1590
2129 1682
2130 1568
2131 1573
2132 1626
2133 1561
2134 1644
2135 1554
2136 1540
2137 1525
2138 1501
2139 1610
2140 1567
2141 1617
2142 1581
2143 1630
2144 1601
2145 1556
2146 1567
2147 1585
2148 1540
2149 1588
2150 1587
2151 1631
2152 1539
2153 1547
2154 1544
2155 1602
2156 1606
2157 1612
2158 1540
2159 1556
2160 1613
2161 1630
2162 1531
2163 1594
2164 1589
2165 1579
2166 1586
2167 1604
2168 1555
2169 1619
2170 1539
2171 1553
2172 1549
2173 1607
2174 1586
2175 1574
2176 1547
2177 1577
2178 1521
2179 1558
2180 1566
2181 1560
2182 1566
2183 1570
2184 1577
2185 1618
2186 1595
2187 1574
2188 1539
2189 1569
2190 1564
2191 1549
2192 1588
2193 1552
2194 1544
2195 1529
2196 1629
2197 1556
2198 1577
2199 1597
2200 1577
2201 1585
2202 1533
2203 1591
2204 1614
2205 1598
2206 1545
2207 1555
2208 1592
2209 1592
2210 1581
2211 1548
2212 1599
2213 1584
2214 1549
2215 1574
2216 1602
2217 1601
2218 1543
2219 1604
2220 1530
2221 1573
2222 1570
2223 1556
2224 1588
2225 1540
2226 1599
2227 1579
2228 1553
2229 1580
2230 1587
2231 1600
2232 1574
2233 1619
2234 1629
2235 1558
2236 1592
2237 1597
2238 1584
2239 1568
2240 1648
2241 1581
2242 1580
2243 1549
2244 1597
2245 1558
2246 1568
2247 1612
2248 1572
2249 1667
2250 1548
2251 1526
2252 1577
2253 1603
2254 1576
2255 1587
2256 1587
2257 1536
2258 1579
2259 1540
2260 1606
2261 1528
2262 1617
2263 1569
2264 1590
2265 1630
2266 1573
2267 1578
2268 1530
2269 1581
2270 1556
2271 1597
2272 1590
2273 1580
2274 1628
2275 1598
2276 1566
2277 1543
2278 1618
2279 1538
2280 1597
2281 1571
2282 1512
2283 1592
2284 1558
2285 1536
2286 1589
2287 1583
2288 1559
2289 1570
2290 1591
2291 1525
2292 1601
2293 1570
2294 1589
2295 1506
2296 1626
2297 1553
2298 1520
2299 1563
2300 1497
2301 1556
2302 1576
2303 1515
2304 1566
2305 1565
2306 1604
2307 1601
2308 1556
2309 1546
2310 1570
2311 1608
2312 1520
2313 1571
2314 1581
2315 1580
2316 1588
2317 1585
2318 1588
2319 1616
2320 1608
2321 1542
2322 1566
2323 1608
2324 1614
2325 1597
2326 1613
2327 1598
2328 1540
2329 1613
2330 1616
2331 1525
2332 1605
2333 1563
2334 1565
2335 1567
2336 1590
2337 1577
2338 1570
2339 1570
2340 1611
2341 1576
2342 1620
2343 1579
2344 1573
2345 1555
2346 1623
2347 1617
2348 1604
2349 1550
2350 1585
2351 1547
2352 1558
2353 1619
2354 1637
2355 1570
2356 1581
2357 1620
2358 1635
2359 1581
2360 1591
2361 1615
2362 1651
2363 1591
2364 1575
2365 1575
2366 1583
2367 1570
2368 1584
2369 1505
2370 1580
2371 1557
2372 1606
2373 1583
2374 1595
2375 1585
2376 1592
2377 1557
2378 1609
2379 1571
2380 1589
2381 1567
2382 1552
2383 1579
2384 1562
2385 1540
2386 1582
2387 1581
2388 1618
2389 1616
2390 1560
2391 1579
2392 1614
2393 1581
2394 1588
2395 1574
2396 1533
2397 1553
2398 1569
2399 1592
2400 1547
2401 1560
2402 1555
2403 1585
2404 1582
2405 1622
2406 1591
2407 1574
2408 1628
2409 1546
2410 1541
2411 1544
2412 1553
2413 1586
2414 1579
2415 1587
2416 1642
2417 1574
2418 1519
2419 1555
2420 1579
2421 1599
2422 1546
2423 1584
2424 1541
2425 1615
2426 1581
2427 1588
2428 1544
2429 1572
2430 1596
2431 1558
2432 1582
2433 1626
2434 1542
2435 1617
2436 1552
2437 1538
2438 1549
2439 1564
2440 1606
2441 1552
2442 1594
2443 1558
2444 1552
2445 1553
2446 1563
2447 1554
2448 1599
2449 1561
2450 1584
2451 1590
2452 1552
2453 1584
2454 1636
2455 1555
2456 1607
2457 1616
2458 1606
2459 1556
2460 1587
2461 1597
2462 1621
2463 1570
2464 1596
2465 1583
2466 1583
2467 1578
2468 1555
2469 1576
2470 1568
2471 1514
2472 1538
2473 1546
2474 1568
2475 1565
2476 1596
2477 1598
2478 1584
2479 1540
2480 1538
2481 1587
2482 1606
2483 1557
2484 1576
2485 1560
2486 1561
2487 1609
2488 1530
2489 1572
2490 1574
2491 1559
2492 1582
2493 1599
2494 1600
2495 1538
2496 1587
2497 1570
2498 1547
2499 1578
2500 1589
2501 1578
2502 1582
2503 1548
2504 1564
2505 1556
2506 1560
2507 1549
2508 1597
2509 1543
2510 1567
2511 1593
2512 1555
2513 1553
2514 1564
2515 1551
2516 1609
2517 1531
2518 1554
2519 1568
2520 1622
2521 1566
2522 1621
2523 1605
2524 1560
2525 1560
2526 1603
2527 1551
2528 1566
2529 1562
2530 1516
2531 1630
2532 1577
2533 1559
2534 1554
2535 1541
2536 1602
2537 1559
2538 1583
2539 1608
2540 1566
2541 1607
2542 1596
2543 1557
2544 1577
2545 1570
2546 1597
2547 1634
2548 1593
2549 1558
2550 1574
2551 1603
2552 1595
2553 1560
2554 1576
2555 1571
2556 1619
2557 1580
2558 1566
2559 1613
2560 1583
2561 1606
2562 1620
2563 1606
2564 1588
2565 1564
2566 1581
2567 1582
2568 1566
2569 1585
2570 1562
2571 1532
2572 1557
2573 1598
2574 1631
2575 1564
2576 1564
2577 1607
2578 1577
2579 1545
2580 1584
2581 1578
2582 1575
2583 1556
2584 1626
2585 1545
2586 1588
2587 1586
2588 1612
2589 1580
2590 1548
2591 1566
2592 1580
2593 1602
2594 1596
2595 1549
2596 1550
2597 1552
2598 1586
2599 1596
2600 1564
2601 1556
2602 1562
2603 1578
2604 1551
2605 1544
2606 1593
2607 1533
2608 1585
2609 1596
2610 1591
2611 1556
2612 1623
2613 1586
2614 1569
2615 1630
2616 1583
2617 1547
2618 1619
2619 1574
2620 1621
2621 1577
2622 1591
2623 1532
2624 1616
2625 1602
2626 1591
2627 1576
2628 1556
2629 1546
2630 1538
2631 1560
2632 1533
2633 1534
2634 1567
2635 1556
2636 1591
2637 1640
2638 1579
2639 1566
2640 1568
2641 1584
2642 1548
2643 1565
2644 1564
2645 1582
2646 1571
2647 1559
2648 1574
2649 1537
2650 1597
2651 1601
2652 1560
2653 1589
2654 1569
2655 1581
2656 1588
2657 1558
2658 1575
2659 1553
2660 1603
2661 1594
2662 1590
2663 1602
2664 1556
2665 1589
2666 1572
2667 1572
2668 1558
2669 1565
2670 1603
2671 1554
2672 1608
2673 1555
2674 1596
2675 1531
2676 1534
2677 1584
2678 1547
2679 1586
2680 1566
2681 1584
2682 1578
2683 1575
2684 1557
2685 1544
2686 1570
2687 1613
2688 1515
2689 1594
2690 1574
2691 1556
2692 1574
2693 1602
2694 1548
2695 1586
2696 1577
2697 1580
2698 1588
2699 1552
2700 1524
2701 1561
2702 1571
2703 1561
2704 1643
2705 1567
2706 1559
2707 1562
2708 1624
2709 1601
2710 1588
2711 1553
2712 1607
2713 1543
2714 1562
2715 1563
2716 1557
2717 1554
2718 1566
2719 1596
2720 1622
2721 1566
2722 1579
2723 1595
2724 1571
2725 1552
2726 1602
2727 1599
2728 1586
2729 1553
2730 1575
2731 1545
2732 1597
2733 1587
2734 1589
2735 1550
2736 1555
2737 1590
2738 1538
2739 1550
2740 1600
2741 1579
2742 1597
2743 1596
2744 1595
2745 1538
2746 1552
2747 1558
2748 1589
2749 1557
2750 1574
2751 1599
2752 1581
2753 1610
2754 1556
2755 1569
2756 1520
2757 1551
2758 1571
2759 1581
2760 1537
2761 1597
2762 1587
2763 1566
2764 1563
2765 1608
2766 1531
2767 1590
2768 1561
2769 1566
2770 1579
2771 1572
2772 1530
2773 1634
2774 1556
2775 1567
2776 1572
2777 1582
2778 1571
2779 1524
2780 1613
2781 1633
2782 1609
2783 1550
2784 1593
2785 1528
2786 1558
2787 1578
2788 1503
2789 1594
2790 1619
2791 1563
2792 1568
2793 1629
2794 1512
2795 1548
2796 1575
2797 1522
2798 1603
2799 1642
2800 1563
2801 1593
2802 1538
2803 1571
2804 1545
2805 1612
2806 1605
2807 1592
2808 1551
2809 1579
2810 1632
2811 1578
2812 1569
2813 1584
2814 1569
2815 1590
2816 1590
2817 1611
2818 1614
2819 1549
2820 1530
2821 1545
2822 1553
2823 1560
2824 1605
2825 1540
2826 1589
2827 1586
2828 1539
2829 1579
2830 1571
2831 1552
2832 1575
2833 1602
2834 1591
2835 1552
2836 1576
2837 1543
2838 1571
2839 1578
2840 1561
2841 1538
2842 1606
2843 1553
2844 1560
2845 1532
2846 1559
2847 1617
2848 1501
2849 1572
2850 1543
2851 1526
2852 1568
2853 1582
2854 1555
2855 1612
2856 1537
2857 1581
2858 1537
2859 1557
2860 1550
2861 1594
2862 1539
2863 1576
2864 1552
2865 1558
2866 1602
2867 1549
2868 1623
2869 1574
2870 1507
2871 1575
2872 1603
2873 1559
2874 1551
2875 1581
2876 1584
2877 1561
2878 1593
2879 1619
2880 1589
2881 1572
2882 1600
2883 1624
2884 1555
2885 1525
2886 1589
2887 1573
2888 1589
2889 1520
2890 1552
2891 1534
2892 1581
2893 1576
2894 1594
2895 1548
2896 1545
2897 1544
2898 1624
2899 1542
2900 1565
2901 1608
2902 1615
2903 1583
2904 1600
2905 1610
2906 1578
2907 1597
2908 1549
2909 1564
2910 1575
2911 1572
2912 1575
2913 1543
2914 1556
2915 1573
2916 1562
2917 1532
2918 1594
2919 1566
2920 1600
2921 1551
2922 1631
2923 1533
2924 1585
2925 1582
2926 1552
2927 1566
2928 1638
2929 1570
2930 1505
2931 1568
2932 1594
2933 1573
2934 1558
2935 1586
2936 1601
2937 1575
2938 1577
2939 1585
2940 1654
2941 1542
2942 1537
2943 1582
2944 1547
2945 1582
2946 1585
2947 1616
2948 1529
2949 1571
2950 1571
2951 1568
2952 1615
2953 1552
2954 1586
2955 1610
2956 1517
2957 1549
2958 1516
2959 1569
2960 1595
2961 1573
2962 1614
2963 1542
2964 1565
2965 1570
2966 1608
2967 1532
2968 1629
2969 1564
2970 1580
2971 1633
2972 1635
2973 1523
2974 1510
2975 1624
2976 1588
2977 1538
2978 1570
2979 1605
2980 1584
2981 1524
2982 1608
2983 1579
2984 1607
2985 1613
2986 1551
2987 1556
2988 1583
2989 1563
2990 1593
2991 1560
2992 1564
2993 1521
2994 1529
2995 1555
2996 1514
2997 1563
2998 1553
2999 1613
3000 1537
3001 1571
3002 1526
3003 1589
3004 1624
3005 1554
3006 1559
3007 1528
3008 1524
3009 1583
3010 1588
3011 1571
3012 1577
3013 1582
3014 1584
3015 1579
3016 1586
3017 1568
3018 1605
3019 1523
3020 1586
3021 1576
3022 1533
3023 1507
3024 1549
3025 1572
3026 1569
3027 1581
3028 1582
3029 1579
3030 1566
3031 1537
3032 1559
3033 1547
3034 1553
3035 1604
3036 1558
3037 1569
3038 1575
3039 1538
3040 1577
3041 1544
3042 1580
3043 1550
3044 1586
3045 1550
3046 1562
3047 1590
3048 1579
3049 1560
3050 1589
3051 1570
3052 1585
3053 1593
3054 1503
3055 1546
3056 1582
3057 1592
3058 1597
3059 1517
3060 1611
3061 1570
3062 1542
3063 1553
3064 1518
3065 1569
3066 1549
3067 1502
3068 1570
3069 1548
3070 1573
3071 1614
3072 1596
3073 1583
3074 1562
3075 1556
3076 1595
3077 1575
3078 1557
3079 1584
3080 1540
3081 1586
3082 1526
3083 1580
3084 1552
3085 1546
3086 1594
3087 1533
3088 1586
3089 1564
3090 1558
3091 1575
3092 1567
3093 1565
3094 1629
3095 1611
3096 1555
3097 1608
3098 1542
3099 1569
3100 1580
3101 1583
3102 1559
3103 1556
3104 1574
3105 1556
3106 1560
3107 1574
3108 1640
3109 1571
3110 1587
3111 1581
3112 1579
3113 1587
3114 1568
3115 1586
3116 1560
3117 1596
3118 1551
3119 1568
3120 1576
3121 1558
3122 1578
3123 1575
3124 1605
3125 1536
3126 1550
3127 1566
3128 1557
3129 1617
3130 1560
3131 1623
3132 1571
3133 1595
3134 1574
3135 1573
3136 1555
3137 1574
3138 1588
3139 1587
3140 1549
3141 1565
3142 1576
3143 1569
3144 1574
3145 1592
3146 1563
3147 1571
3148 1567
3149 1594
3150 1575
