0 7892
1 1600
2 1594
3 1588
4 1622
5 1556
6 1577
7 1553
8 1573
9 1582
10 1578
11 1550
12 1568
13 1568
14 1542
15 1552
16 1624
17 1548
18 1592
19 1625
20 1558
21 1595
22 1530
23 1528
24 1586
25 1582
26 1566
27 1528
28 1588
29 1627
30 1571
31 1551
32 1662
33 1508
34 1552
35 1588
36 1628
37 1549
38 1534
39 1545
40 1582
41 1588
42 1587
43 1591
44 1564
45 1539
46 1573
47 1562
48 1618
49 1568
50 1537
51 1678
52 1584
53 1650
54 1593
55 1576
56 1607
57 1555
58 1599
59 1544
60 1589
61 1627
62 1602
63 1611
64 1612
65 1622
66 1566
67 1625
68 1497
69 1551
70 1528
71 1553
72 1566
73 1625
74 1588
75 1569
76 1582
77 1591
78 1551
79 1552
80 1558
81 1570
82 1560
83 1537
84 1532
85 1505
86 1588
87 1534
88 1559
89 1594
90 1586
91 1559
92 1553
93 1564
94 1564
95 1584
96 1593
97 1577
98 1511
99 1527
100 1556
101 1570
102 1574
103 1601
104 1559
105 1588
106 1556
107 1595
108 1593
109 1583
110 1601
111 1536
112 1617
113 1542
114 1603
115 1587
116 1518
117 1604
118 1544
119 1572
120 1597
121 1563
122 1574
123 1611
124 1593
125 1554
126 1543
127 1552
128 1611
129 1548
130 1607
131 1586
132 1625
133 1606
134 1586
135 1552
136 1570
137 1571
138 1554
139 1615
140 1582
141 1598
142 1581
143 1632
144 1592
145 1549
146 1563
147 1613
148 1587
149 1610
150 1584
151 1624
152 1531
153 1585
154 1529
155 1626
156 1605
157 1543
158 1592
159 1559
160 1577
161 1601
162 1570
163 1539
164 1602
165 1521
166 1583
167 1548
168 1545
169 1579
170 1561
171 1538
172 1596
173 1559
174 1574
175 1574
176 1546
177 1581
178 1557
179 1571
180 1542
181 1573
182 1581
183 1585
184 1596
185 1563
186 1573
187 1584
188 1592
189 1590
190 1587
191 1596
192 1570
193 1564
194 1589
195 1600
196 1625
197 1565
198 1572
199 1580
200 1602
201 1588
202 1611
203 1575
204 1653
205 1532
206 1605
207 1580
208 1564
209 1606
210 1647
211 1573
212 1541
213 1613
214 1582
215 1543
216 1474
217 1494
218 1565
219 1579
220 1594
221 1601
222 1521
223 1559
224 1569
225 1626
226 1578
227 1545
228 1596
229 1574
230 1565
231 1577
232 1572
233 1585
234 1573
235 1537
236 1589
237 1580
238 1590
239 1588
240 1598
241 1619
242 1602
243 1547
244 1587
245 1563
246 1549
247 1538
248 1583
249 1551
250 1552
251 1553
252 1544
253 1577
254 1600
255 1568
256 1561
257 1574
258 1583
259 1564
260 1561
261 1568
262 1524
263 1530
264 1583
265 1583
266 1578
267 1607
268 1595
269 1541
270 1625
271 1553
272 1537
273 1591
274 1587
275 1614
276 1548
277 1572
278 1599
279 1598
280 1576
281 1569
282 1561
283 1615
284 1579
285 1518
286 1584
287 1611
288 1560
289 1579
290 1547
291 1579
292 1556
293 1499
294 1528
295 1555
296 1562
297 1572
298 1570
299 1544
300 1574
301 1586
302 1553
303 1618
304 1571
305 1623
306 1624
307 1535
308 1627
309 1525
310 1621
311 1538
312 1619
313 1604
314 1605
315 1570
316 1529
317 1550
318 1595
319 1591
320 1635
321 1576
322 1579
323 1617
324 1606
325 1618
326 1587
327 1602
328 1566
329 1564
330 1583
331 1564
332 1548
333 1556
334 1591
335 1618
336 1499
337 1616
338 1631
339 1575
340 1617
341 1630
342 1602
343 1618
344 1566
345 1603
346 1548
347 1533
348 1536
349 1555
350 1559
351 1534
352 1663
353 1588
354 1592
355 1614
356 1546
357 1568
358 1556
359 1589
360 1619
361 1577
362 1596
363 1589
364 1594
365 1634
366 1571
367 1524
368 1554
369 1575
370 1482
371 1578
372 1578
373 1608
374 1605
375 1574
376 1575
377 1521
378 1543
379 1587
380 1584
381 1572
382 1554
383 1572
384 1522
385 1563
386 1524
387 1607
388 1548
389 1606
390 1642
391 1593
392 1601
393 1545
394 1550
395 1617
396 1564
397 1544
398 1558
399 1577
400 1566
401 1571
402 1628
403 1566
404 1578
405 1603
406 1565
407 1546
408 1573
409 1598
410 1539
411 1558
412 1541
413 1567
414 1569
415 1555
416 1587
417 1550
418 1583
419 1609
420 1603
421 1563
422 1594
423 1574
424 1584
425 1495
426 1543
427 1574
428 1602
429 1614
430 1608
431 1543
432 1498
433 1530
434 1593
435 1600
436 1595
437 1583
438 1568
439 1569
440 1579
441 1573
442 1537
443 1586
444 1584
445 1596
446 1593
447 1594
448 1578
449 1572
450 1572
451 1561
452 1575
453 1558
454 1609
455 1576
456 1612
457 1559
458 1528
459 1598
460 1603
461 1574
462 1593
463 1547
464 1553
465 1546
466 1605
467 1578
468 1564
469 1579
470 1585
471 1595
472 1571
473 1564
474 1568
475 1573
476 1593
477 1550
478 1573
479 1517
480 1610
481 1591
482 1571
483 1548
484 1558
485 1601
486 1540
487 1610
488 1599
489 1499
490 1572
491 1550
492 1530
493 1559
494 1560
495 1591
496 1557
497 1555
498 1592
499 1579
500 1580
501 1605
502 1597
503 1557
504 1495
505 1555
506 1608
507 1618
508 1604
509 1613
510 1609
511 1503
512 1575
513 1591
514 1602
515 1552
516 1552
517 1577
518 1524
519 1580
520 1549
521 1599
522 1536
523 1566
524 1592
525 1580
526 1559
527 1580
528 1566
529 1502
530 1576
531 1577
532 1571
533 1593
534 1564
535 1598
536 1583
537 1589
538 1590
539 1524
540 1536
541 1584
542 1582
543 1536
544 1565
545 1571
546 1522
547 1587
548 1571
549 1565
550 1611
551 1571
552 1559
553 1597
554 1620
555 1602
556 1588
557 1596
558 1581
559 1589
560 1544
561 1622
562 1585
563 1567
564 1569
565 1626
566 1546
567 1543
568 1522
569 1648
570 1610
571 1586
572 1583
573 1587
574 1582
575 1631
576 1552
577 1587
578 1549
579 1594
580 1586
581 1580
582 1579
583 1577
584 1578
585 1534
586 1631
587 1554
588 1545
589 1626
590 1586
591 1578
592 1626
593 1613
594 1567
595 1581
596 1586
597 1584
598 1547
599 1626
600 1557
601 1531
602 1599
603 1533
604 1545
605 1547
606 1574
607 1579
608 1603
609 1565
610 1583
611 1555
612 1589
613 1598
614 1577
615 1630
616 1584
617 1597
618 1529
619 1554
620 1530
621 1558
622 1602
623 1534
624 1567
625 1577
626 1602
627 1588
628 1613
629 1517
630 1518
631 1574
632 1576
633 1563
634 1564
635 1577
636 1610
637 1572
638 1575
639 1587
640 1582
641 1522
642 1579
643 1575
644 1591
645 1586
646 1573
647 1581
648 1584
649 1525
650 1570
651 1550
652 1554
653 1583
654 1600
655 1557
656 1592
657 1605
658 1558
659 1637
660 1591
661 1584
662 1528
663 1567
664 1553
665 1580
666 1537
667 1564
668 1640
669 1560
670 1507
671 1573
672 1557
673 1561
674 1601
675 1562
676 1566
677 1593
678 1571
679 1608
680 1559
681 1607
682 1615
683 1590
684 1567
685 1546
686 1589
687 1617
688 1536
689 1565
690 1622
691 1602
692 1593
693 1550
694 1623
695 1618
696 1568
697 1620
698 1597
699 1584
700 1571
701 1609
702 1548
703 1536
704 1574
705 1572
706 1584
707 1579
708 1587
709 1590
710 1598
711 1561
712 1589
713 1563
714 1564
715 1567
716 1563
717 1596
718 1569
719 1620
720 1518
721 1586
722 1588
723 1593
724 1605
725 1550
726 1589
727 1521
728 1545
729 1557
730 1620
731 1559
732 1570
733 1567
734 1541
735 1554
736 1536
737 1520
738 1576
739 1641
740 1593
741 1586
742 1562
743 1582
744 1590
745 1542
746 1571
747 1583
748 1553
749 1590
750 1569
751 1572
752 1594
753 1612
754 1578
755 1595
756 1584
757 1608
758 1595
759 1559
760 1546
761 1609
762 1550
763 1573
764 1577
765 1531
766 1543
767 1633
768 1591
769 1587
770 1593
771 1584
772 1586
773 1590
774 1536
775 1612
776 1600
777 1549
778 1568
779 1553
780 1587
781 1607
782 1591
783 1524
784 1578
785 1562
786 1571
787 1575
788 1604
789 1538
790 1582
791 1586
792 1568
793 1584
794 1609
795 1610
796 1558
797 1600
798 1560
799 1584
800 1574
801 1580
802 1635
803 1567
804 1606
805 1536
806 1497
807 1617
808 1619
809 1607
810 1562
811 1600
812 1599
813 1571
814 1522
815 1570
816 1559
817 1585
818 1560
819 1614
820 1550
821 1554
822 1537
823 1581
824 1559
825 1618
826 1582
827 1574
828 1565
829 1514
830 1652
831 1603
832 1596
833 1574
834 1619
835 1546
836 1585
837 1532
838 1587
839 1575
840 1582
841 1552
842 1582
843 1543
844 1565
845 1589
846 1612
847 1606
848 1602
849 1609
850 1514
851 1565
852 1619
853 1543
854 1573
855 1604
856 1544
857 1563
858 1577
859 1543
860 1610
861 1556
862 1599
863 1575
864 1609
865 1595
866 1545
867 1560
868 1555
869 1602
870 1570
871 1561
872 1581
873 1582
874 1573
875 1567
876 1570
877 1570
878 1563
879 1559
880 1589
881 1566
882 1581
883 1523
884 1582
885 1590
886 1600
887 1567
888 1587
889 1584
890 1574
891 1565
892 1544
893 1558
894 1622
895 1582
896 1584
897 1608
898 1597
899 1570
900 1616
901 1566
902 1585
903 1538
904 1591
905 1568
906 1583
907 1607
908 1595
909 1581
910 1633
911 1563
912 1548
913 1618
914 1571
915 1579
916 1570
917 1611
918 1576
919 1588
920 1582
921 1599
922 1652
923 1573
924 1593
925 1610
926 1594
927 1585
928 1574
929 1592
930 1601
931 1573
932 1534
933 1615
934 1581
935 1552
936 1610
937 1574
938 1610
939 1600
940 1569
941 1623
942 1579
943 1544
944 1557
945 1550
946 1544
947 1541
948 1558
949 1496
950 1584
951 1597
952 1564
953 1530
954 1603
955 1615
956 1561
957 1579
958 1528
959 1616
960 1575
961 1594
962 1594
963 1639
964 1558
965 1548
966 1598
967 1544
968 1614
969 1559
970 1544
971 1601
972 1549
973 1568
974 1570
975 1587
976 1543
977 1580
978 1588
979 1519
980 1581
981 1575
982 1576
983 1607
984 1557
985 1554
986 1594
987 1623
988 1569
989 1536
990 1551
991 1594
992 1565
993 1560
994 1569
995 1543
996 1561
997 1533
998 1560
999 1565
1000 1521
1001 1561
1002 1522
1003 1616
1004 1583
1005 1609
1006 1556
1007 1592
1008 1596
1009 1593
1010 1562
1011 1622
1012 1638
1013 1584
1014 1572
1015 1540
1016 1550
1017 1595
1018 1566
1019 1544
1020 1570
1021 1570
1022 1506
1023 1572
1024 1592
1025 1571
1026 1553
1027 1600
1028 1518
1029 1599
1030 1563
1031 1565
1032 1575
1033 1516
1034 1626
1035 1607
1036 1575
1037 1543
1038 1585
1039 1613
1040 1554
1041 1491
1042 1593
1043 1607
1044 1599
1045 1586
1046 1553
1047 1565
1048 1579
1049 1540
1050 1590
1051 1557
1052 1601
1053 1599
1054 1595
1055 1565
1056 1548
1057 1570
1058 1610
1059 1541
1060 1576
1061 1604
1062 1604
1063 1596
1064 1566
1065 1587
1066 1593
1067 1641
1068 1629
1069 1568
1070 1574
1071 1608
1072 1571
1073 1610
1074 1590
1075 1590
1076 1543
1077 1619
1078 1539
1079 1546
1080 1603
1081 1539
1082 1622
1083 1554
1084 1549
1085 1594
1086 1550
1087 1585
1088 1559
1089 1605
1090 1594
1091 1557
1092 1583
1093 1560
1094 1586
1095 1525
1096 1563
1097 1598
1098 1566
1099 1605
1100 1544
1101 1604
1102 1617
1103 1541
1104 1618
1105 1563
1106 1575
1107 1552
1108 1532
1109 1569
1110 1566
1111 1572
1112 1570
1113 1566
1114 1561
1115 1580
1116 1577
1117 1602
1118 1566
1119 1575
1120 1521
1121 1563
1122 1536
1123 1571
1124 1569
1125 1601
1126 1564
1127 1590
1128 1547
1129 1616
1130 1577
1131 1565
1132 1544
1133 1574
1134 1567
1135 1558
1136 1568
1137 1595
1138 1611
1139 1533
1140 1574
1141 1547
1142 1603
1143 1578
1144 1579
1145 1584
1146 1539
1147 1555
1148 1576
1149 1566
1150 1609
1151 1541
1152 1616
1153 1572
1154 1598
1155 1609
1156 1581
1157 1568
1158 1648
1159 1557
1160 1557
1161 1587
1162 1526
1163 1562
1164 1578
1165 1535
1166 1615
1167 1587
1168 1616
1169 1615
1170 1611
1171 1601
1172 1629
1173 1597
1174 1583
1175 1602
1176 1548
1177 1607
1178 1593
1179 1602
1180 1595
1181 1554
1182 1563
1183 1589
1184 1530
1185 1545
1186 1589
1187 1629
1188 1564
1189 1551
1190 1549
1191 1618
1192 1548
1193 1551
1194 1575
1195 1601
1196 1560
1197 1595
1198 1586
1199 1560
1200 1513
1201 1574
1202 1606
1203 1561
1204 1555
1205 1547
1206 1620
1207 1554
1208 1581
1209 1574
1210 1603
1211 1573
1212 1513
1213 1551
1214 1561
1215 1616
1216 1538
1217 1596
1218 1522
1219 1613
1220 1608
1221 1592
1222 1546
1223 1529
1224 1571
1225 1605
1226 1605
1227 1571
1228 1595
1229 1594
1230 1552
1231 1588
1232 1585
1233 1567
1234 1569
1235 1609
1236 1540
1237 1544
1238 1552
1239 1573
1240 1581
1241 1612
1242 1599
1243 1523
1244 1594
1245 1627
1246 1580
1247 1600
1248 1583
1249 1583
1250 1547
1251 1570
1252 1528
1253 1559
1254 1615
1255 1587
1256 1603
1257 1575
1258 1561
1259 1539
1260 1578
1261 1568
1262 1617
1263 1567
1264 1586
1265 1646
1266 1613
1267 1589
1268 1604
1269 1533
1270 1597
1271 1606
1272 1539
1273 1579
1274 1587
1275 1568
1276 1548
1277 1589
1278 1579
1279 1580
1280 1509
1281 1541
1282 1547
1283 1613
1284 1596
1285 1606
1286 1589
1287 1572
1288 1612
1289 1556
1290 1575
1291 1608
1292 1591
1293 1554
1294 1525
1295 1588
1296 1575
1297 1559
1298 1586
1299 1585
1300 1594
1301 1544
1302 1602
1303 1586
1304 1592
1305 1619
1306 1594
1307 1597
1308 1601
1309 1569
1310 1558
1311 1524
1312 1601
1313 1560
1314 1561
1315 1538
1316 1489
1317 1607
1318 1561
1319 1553
1320 1551
1321 1599
1322 1634
1323 1556
1324 1561
1325 1552
1326 1590
1327 1578
1328 1591
1329 1591
1330 1562
1331 1585
1332 1513
1333 1594
1334 1506
1335 1528
1336 1591
1337 1584
1338 1574
1339 1652
1340 1567
1341 1566
1342 1621
1343 1654
1344 1542
1345 1572
1346 1543
1347 1641
1348 1603
1349 1600
1350 1560
1351 1567
1352 1562
1353 1532
1354 1563
1355 1566
1356 1568
1357 1552
1358 1534
1359 1583
1360 1582
1361 1589
1362 1539
1363 1576
1364 1560
1365 1596
1366 1601
1367 1573
1368 1510
1369 1591
1370 1593
1371 1545
1372 1577
1373 1595
1374 1575
1375 1523
1376 1589
1377 1572
1378 1578
1379 1527
1380 1612
1381 1565
1382 1591
1383 1583
1384 1602
1385 1592
1386 1564
1387 1566
1388 1541
1389 1587
1390 1553
1391 1546
1392 1559
1393 1544
1394 1549
1395 1600
1396 1607
1397 1539
1398 1579
1399 1638
1400 1575
1401 1600
1402 1598
1403 1593
1404 1582
1405 1571
1406 1563
1407 1568
1408 1561
1409 1587
1410 1522
1411 1604
1412 1593
1413 1624
1414 1590
1415 1531
1416 1559
1417 1556
1418 1607
1419 1525
1420 1596
1421 1610
1422 1641
1423 1555
1424 1594
1425 1594
1426 1622
1427 1594
1428 1563
1429 1586
1430 1600
1431 1571
1432 1531
1433 1548
1434 1578
1435 1587
1436 1628
1437 1516
1438 1537
1439 1581
1440 1572
1441 1566
1442 1579
1443 1584
1444 1597
1445 1568
1446 1551
1447 1511
1448 1571
1449 1525
1450 1548
1451 1607
1452 1573
1453 1556
1454 1537
1455 1548
1456 1593
1457 1600
1458 1635
1459 1575
1460 1574
1461 1580
1462 1542
1463 1553
1464 1569
1465 1549
1466 1612
1467 1567
1468 1623
1469 1589
1470 1583
1471 1562
1472 1564
1473 1573
1474 1540
1475 1566
1476 1590
1477 1553
1478 1583
1479 1542
1480 1552
1481 1587
1482 1572
1483 1606
1484 1526
1485 1528
1486 1608
1487 1534
1488 1582
1489 1599
1490 1560
1491 1576
1492 1618
1493 1576
1494 1601
1495 1588
1496 1580
1497 1600
1498 1554
1499 1613
1500 1549
1501 1588
1502 1571
1503 1582
1504 1600
1505 1621
1506 1528
1507 1607
1508 1550
1509 1535
1510 1556
1511 1564
1512 1548
1513 1576
1514 1566
1515 1602
1516 1613
1517 1537
1518 1587
1519 1577
1520 1626
1521 1590
1522 1533
1523 1565
1524 1592
1525 1565
1526 1578
1527 1576
1528 1583
1529 1571
1530 1546
1531 1557
1532 1621
1533 1576
1534 1605
1535 1566
1536 1599
1537 1560
1538 1575
1539 1592
1540 1569
1541 1555
1542 1574
1543 1555
1544 1623
1545 1550
1546 1613
1547 1547
1548 1555
1549 1601
1550 1555
1551 1535
1552 1567
1553 1584
1554 1561
1555 1592
1556 1599
1557 1573
1558 1640
1559 1617
1560 1576
1561 1596
1562 1589
1563 1574
1564 1527
1565 1551
1566 1550
1567 1564
1568 1552
1569 1558
1570 1587
1571 1527
1572 1561
1573 1574
1574 1555
1575 1578
1576 1575
1577 1571
1578 1584
1579 1541
1580 1634
1581 1602
1582 1591
1583 1593
1584 1635
1585 1567
1586 1595
1587 1542
1588 1595
1589 1560
1590 1590
1591 1596
1592 1652
1593 1631
1594 1545
1595 1536
1596 1605
1597 1590
1598 1613
1599 1542
1600 1558
1601 1564
1602 1572
1603 1566
1604 1573
1605 1549
1606 1586
1607 1591
1608 1603
1609 1543
1610 1587
1611 1630
1612 1599
1613 1564
1614 1619
1615 1569
1616 1559
1617 1592
1618 1568
1619 1553
1620 1586
1621 1543
1622 1595
1623 1557
1624 1572
1625 1580
1626 1573
1627 1598
1628 1588
1629 1585
1630 1597
1631 1566
1632 1564
1633 1592
1634 1579
1635 1571
1636 1598
1637 1537
1638 1569
1639 1568
1640 1571
1641 1561
1642 1577
1643 1604
1644 1595
1645 1598
1646 1604
1647 1541
1648 1566
1649 1629
1650 1604
1651 1592
1652 1605
1653 1644
1654 1579
1655 1609
1656 1589
1657 1591
1658 1576
1659 1580
1660 1502
1661 1575
1662 1584
1663 1555
1664 1555
1665 1595
1666 1574
1667 1570
1668 1533
1669 1588
1670 1607
1671 1543
1672 1556
1673 1593
1674 1570
1675 1600
1676 1601
1677 1579
1678 1562
1679 1539
1680 1556
1681 1559
1682 1566
1683 1552
1684 1571
1685 1600
1686 1603
1687 1589
1688 1554
1689 1598
1690 1551
1691 1546
1692 1581
1693 1591
1694 1594
1695 1595
1696 1557
1697 1515
1698 1573
1699 1566
1700 1566
1701 1558
1702 1609
1703 1558
1704 1574
1705 1548
1706 1568
1707 1593
1708 1569
1709 1542
1710 1631
1711 1603
1712 1582
1713 1603
1714 1563
1715 1552
1716 1565
1717 1554
1718 1606
1719 1585
1720 1561
1721 1601
1722 1603
1723 1598
1724 1589
1725 1569
1726 1568
1727 1573
1728 1531
1729 1611
1730 1574
1731 1535
1732 1608
1733 1551
1734 1610
1735 1595
1736 1559
1737 1622
1738 1582
1739 1570
1740 1577
1741 1573
1742 1533
1743 1554
1744 1580
1745 1509
1746 1610
1747 1535
1748 1574
1749 1527
1750 1589
1751 1544
1752 1546
1753 1602
1754 1588
1755 1532
1756 1575
1757 1604
1758 1596
1759 1594
1760 1582
1761 1576
1762 1595
1763 1567
1764 1599
1765 1515
1766 1540
1767 1531
1768 1603
1769 1521
1770 1552
1771 1641
1772 1536
1773 1605
1774 1565
1775 1563
1776 1588
1777 1591
1778 1561
1779 1569
1780 1583
1781 1581
1782 1575
1783 1568
1784 1607
1785 1583
1786 1547
1787 1537
1788 1507
1789 1547
1790 1576
1791 1564
1792 1549
1793 1568
1794 1533
1795 1621
1796 1557
1797 1563
1798 1589
1799 1582
1800 1545
1801 1597
1802 1556
1803 1550
1804 1539
1805 1594
1806 1602
1807 1560
1808 1589
1809 1546
1810 1536
1811 1575
1812 1616
1813 1576
1814 1591
1815 1593
1816 1573
1817 1532
1818 1594
1819 1529
1820 1589
1821 1574
1822 1645
1823 1584
1824 1586
1825 1605
1826 1554
1827 1538
1828 1591
1829 1525
1830 1595
1831 1592
1832 1609
1833 1552
1834 1518
1835 1565
1836 1573
1837 1570
1838 1586
1839 1503
1840 1610
1841 1587
1842 1552
1843 1600
1844 1546
1845 1569
1846 1582
1847 1625
1848 1515
1849 1579
1850 1586
1851 1573
1852 1573
1853 1529
1854 1587
1855 1570
1856 1566
1857 1560
1858 1545
1859 1562
1860 1530
1861 1598
1862 1540
1863 1586
1864 1610
1865 1537
1866 1614
1867 1530
1868 1561
1869 1553
1870 1565
1871 1572
1872 1585
1873 1565
1874 1573
1875 1582
1876 1548
1877 1553
1878 1588
1879 1588
1880 1578
1881 1597
1882 1533
1883 1595
1884 1553
1885 1547
1886 1537
1887 1569
1888 1550
1889 1538
1890 1531
1891 1553
1892 1558
1893 1560
1894 1549
1895 1598
1896 1551
1897 1592
1898 1525
1899 1606
1900 1554
1901 1619
1902 1576
1903 1600
1904 1592
1905 1627
1906 1548
1907 1598
1908 1578
1909 1576
1910 1597
1911 1554
1912 1558
1913 1583
1914 1610
1915 1613
1916 1608
1917 1601
1918 1581
1919 1592
1920 1547
1921 1532
1922 1566
1923 1586
1924 1629
1925 1533
1926 1648
1927 1633
1928 1535
1929 1560
1930 1531
1931 1551
1932 1560
1933 1550
1934 1602
1935 1573
1936 1561
1937 1614
1938 1649
1939 1535
1940 1581
1941 1577
1942 1575
1943 1539
1944 1558
1945 1581
1946 1589
1947 1615
1948 1620
1949 1663
1950 1581
1951 1571
1952 1580
1953 1587
1954 1536
1955 1587
1956 1540
1957 1589
1958 1549
1959 1553
1960 1567
1961 1542
1962 1550
1963 1568
1964 1537
1965 1591
1966 1530
1967 1551
1968 1557
1969 1582
1970 1581
1971 1585
1972 1522
1973 1588
1974 1577
1975 1638
1976 1546
1977 1552
1978 1523
1979 1571
1980 1596
1981 1579
1982 1609
1983 1600
1984 1537
1985 1541
1986 1547
1987 1556
1988 1575
1989 1557
1990 1548
1991 1571
1992 1608
1993 1541
1994 1621
1995 1621
1996 1557
1997 1599
1998 1581
1999 1562
2000 1630
2001 1563
2002 1595
2003 1533
2004 1560
2005 1560
2006 1572
2007 1559
2008 1631
2009 1517
2010 1551
2011 1629
2012 1579
2013 1567
2014 1582
2015 1581
2016 1560
2017 1542
2018 1593
2019 1609
2020 1550
2021 1622
2022 1621
2023 1577
2024 1521
2025 1503
2026 1585
2027 1564
2028 1594
2029 1537
2030 1583
2031 1545
2032 1578
2033 1576
2034 1582
2035 1632
2036 1573
2037 1542
2038 1561
2039 1605
2040 1607
2041 1625
2042 1615
2043 1569
2044 1604
2045 1554
2046 1622
2047 1576
2048 1574
2049 1581
2050 1541
2051 1588
2052 1551
2053 1567
2054 1586
2055 1606
2056 1563
2057 1561
2058 1559
2059 1611
2060 1612
2061 1596
2062 1576
2063 1554
2064 1587
2065 1596
2066 1571
2067 1578
2068 1601
2069 1582
2070 1525
2071 1541
2072 1630
2073 1622
2074 1586
2075 1578
2076 1551
2077 1532
2078 1590
2079 1529
2080 1586
2081 1589
2082 1540
2083 1590
2084 1563
2085 1591
2086 1578
2087 1544
2088 1586
2089 1546
2090 1599
2091 1530
2092 1568
2093 1554
2094 1614
2095 1573
2096 1570
2097 1518
2098 1596
2099 1522
2100 1549
2101 1545
2102 1565
2103 1567
2104 1566
2105 1532
2106 1564
2107 1605
2108 1562
2109 1573
2110 1562
2111 1575
2112 1585
2113 1577
2114 1561
2115 1570
2116 1603
2117 1573
2118 1593
2119 1583
2120 1525
2121 1584
2122 1601
2123 1570
2124 1567
2125 1567
2126 1591
2127 1682
2128 1568
2129 1574
2130 1625
2131 1561
2132 1644
2133 1555
2134 1539
2135 1524
2136 1501
2137 1612
2138 1565
2139 1618
2140 1581
2141 1630
2142 1602
2143 1555
2144 1566
2145 1586
2146 1539
2147 1588
2148 1589
2149 1630
2150 1540
2151 1546
2152 1544
2153 1601
2154 1607
2155 1612
2156 1541
2157 1554
2158 1613
2159 1631
2160 1531
2161 1593
2162 1590
2163 1580
2164 1586
2165 1602
2166 1557
2167 1618
2168 1539
2169 1553
2170 1549
2171 1607
2172 1585
2173 1576
2174 1545
2175 1577
2176 1523
2177 1558
2178 1566
2179 1560
2180 1564
2181 1570
2182 1577
2183 1619
2184 1596
2185 1573
2186 1539
2187 1569
2188 1565
2189 1549
2190 1588
2191 1552
2192 1542
2193 1531
2194 1627
2195 1557
2196 1577
2197 1597
2198 1577
2199 1585
2200 1533
2201 1591
2202 1614
2203 1597
2204 1545
2205 1556
2206 1591
2207 1594
2208 1581
2209 1547
2210 1598
2211 1584
2212 1550
2213 1574
2214 1603
2215 1599
2216 1545
2217 1604
2218 1528
2219 1574
2220 1570
2221 1555
2222 1590
2223 1539
2224 1600
2225 1579
2226 1551
2227 1580
2228 1587
2229 1601
2230 1574
2231 1619
2232 1628
2233 1559
2234 1591
2235 1598
2236 1583
2237 1568
2238 1649
2239 1581
2240 1579
2241 1550
2242 1596
2243 1558
2244 1570
2245 1611
2246 1571
2247 1669
2248 1546
2249 1527
2250 1576
2251 1604
2252 1577
2253 1586
2254 1586
2255 1536
2256 1580
2257 1539
2258 1607
2259 1528
2260 1617
2261 1570
2262 1589
2263 1630
2264 1573
2265 1577
2266 1532
2267 1579
2268 1558
2269 1596
2270 1589
2271 1581
2272 1628
2273 1599
2274 1565
2275 1544
2276 1616
2277 1539
2278 1596
2279 1573
2280 1512
2281 1591
2282 1559
2283 1536
2284 1589
2285 1582
2286 1559
2287 1570
2288 1592
2289 1524
2290 1600
2291 1571
2292 1589
2293 1506
2294 1625
2295 1554
2296 1521
2297 1562
2298 1498
2299 1554
2300 1577
2301 1515
2302 1566
2303 1565
2304 1604
2305 1600
2306 1558
2307 1545
2308 1570
2309 1609
2310 1519
2311 1572
2312 1580
2313 1579
2314 1588
2315 1587
2316 1587
2317 1616
2318 1608
2319 1542
2320 1567
2321 1607
2322 1614
2323 1596
2324 1614
2325 1597
2326 1541
2327 1612
2328 1617
2329 1525
2330 1604
2331 1564
2332 1566
2333 1565
2334 1592
2335 1577
2336 1569
2337 1570
2338 1611
2339 1577
2340 1619
2341 1579
2342 1572
2343 1556
2344 1623
2345 1618
2346 1602
2347 1551
2348 1585
2349 1547
2350 1557
2351 1621
2352 1637
2353 1569
2354 1582
2355 1619
2356 1635
2357 1580
2358 1593
2359 1613
2360 1652
2361 1590
2362 1577
2363 1575
2364 1582
2365 1571
2366 1583
2367 1505
2368 1581
2369 1556
2370 1605
2371 1584
2372 1594
2373 1585
2374 1593
2375 1557
2376 1610
2377 1570
2378 1588
2379 1569
2380 1551
2381 1579
2382 1561
2383 1541
2384 1583
2385 1579
2386 1620
2387 1614
2388 1562
2389 1577
2390 1614
2391 1583
2392 1587
2393 1573
2394 1535
2395 1552
2396 1569
2397 1592
2398 1546
2399 1561
2400 1555
2401 1584
2402 1584
2403 1622
2404 1591
2405 1573
2406 1627
2407 1548
2408 1539
2409 1546
2410 1551
2411 1587
2412 1578
2413 1587
2414 1642
2415 1575
2416 1519
2417 1554
2418 1581
2419 1599
2420 1545
2421 1584
2422 1540
2423 1616
2424 1580
2425 1588
2426 1545
2427 1572
2428 1596
2429 1557
2430 1583
2431 1626
2432 1543
2433 1617
2434 1551
2435 1537
2436 1550
2437 1563
2438 1607
2439 1553
2440 1593
2441 1557
2442 1552
2443 1555
2444 1562
2445 1554
2446 1599
2447 1561
2448 1583
2449 1591
2450 1552
2451 1584
2452 1635
2453 1556
2454 1608
2455 1616
2456 1605
2457 1556
2458 1587
2459 1596
2460 1622
2461 1571
2462 1596
2463 1583
2464 1582
2465 1578
2466 1556
2467 1575
2468 1569
2469 1512
2470 1540
2471 1545
2472 1568
2473 1566
2474 1596
2475 1597
2476 1584
2477 1540
2478 1539
2479 1585
2480 1608
2481 1557
2482 1574
2483 1560
2484 1561
2485 1610
2486 1530
2487 1571
2488 1574
2489 1560
2490 1583
2491 1598
2492 1599
2493 1538
2494 1587
2495 1571
2496 1546
2497 1579
2498 1589
2499 1578
2500 1581
2501 1550
2502 1564
2503 1555
2504 1560
2505 1549
2506 1598
2507 1543
2508 1565
2509 1593
2510 1556
2511 1554
2512 1564
2513 1551
2514 1607
2515 1533
2516 1553
2517 1567
2518 1623
2519 1566
2520 1620
2521 1606
2522 1559
2523 1560
2524 1604
2525 1552
2526 1565
2527 1562
2528 1516
2529 1631
2530 1575
2531 1559
2532 1555
2533 1540
2534 1602
2535 1560
2536 1582
2537 1610
2538 1564
2539 1608
2540 1596
2541 1556
2542 1578
2543 1570
2544 1597
2545 1635
2546 1592
2547 1558
2548 1574
2549 1604
2550 1594
2551 1560
2552 1576
2553 1570
2554 1620
2555 1580
2556 1567
2557 1612
2558 1582
2559 1608
2560 1618
2561 1607
2562 1589
2563 1563
2564 1581
2565 1583
2566 1564
2567 1586
2568 1562
2569 1532
2570 1557
2571 1598
2572 1630
2573 1566
2574 1563
2575 1606
2576 1579
2577 1543
2578 1585
2579 1579
2580 1575
2581 1555
2582 1626
2583 1544
2584 1588
2585 1587
2586 1612
2587 1581
2588 1547
2589 1566
2590 1580
2591 1601
2592 1596
2593 1549
2594 1550
2595 1552
2596 1588
2597 1595
2598 1565
2599 1555
2600 1561
2601 1578
2602 1553
2603 1543
2604 1593
2605 1533
2606 1585
2607 1595
2608 1592
2609 1556
2610 1623
2611 1587
2612 1567
2613 1631
2614 1583
2615 1546
2616 1620
2617 1573
2618 1622
2619 1577
2620 1592
2621 1532
2622 1615
2623 1602
2624 1591
2625 1576
2626 1557
2627 1545
2628 1537
2629 1561
2630 1533
2631 1534
2632 1567
2633 1556
2634 1590
2635 1641
2636 1580
2637 1564
2638 1570
2639 1583
2640 1547
2641 1567
2642 1562
2643 1583
2644 1570
2645 1559
2646 1576
2647 1537
2648 1596
2649 1600
2650 1561
2651 1589
2652 1568
2653 1581
2654 1590
2655 1557
2656 1575
2657 1554
2658 1601
2659 1594
2660 1591
2661 1602
2662 1555
2663 1591
2664 1571
2665 1572
2666 1558
2667 1565
2668 1604
2669 1553
2670 1608
2671 1556
2672 1594
2673 1532
2674 1534
2675 1583
2676 1548
2677 1586
2678 1567
2679 1583
2680 1577
2681 1577
2682 1555
2683 1546
2684 1569
2685 1614
2686 1514
2687 1594
2688 1575
2689 1555
2690 1575
2691 1601
2692 1547
2693 1586
2694 1578
2695 1579
2696 1590
2697 1551
2698 1523
2699 1561
2700 1571
2701 1563
2702 1642
2703 1567
2704 1558
2705 1564
2706 1624
2707 1599
2708 1590
2709 1552
2710 1606
2711 1545
2712 1560
2713 1564
2714 1557
2715 1554
2716 1567
2717 1594
2718 1622
2719 1567
2720 1578
2721 1597
2722 1569
2723 1554
2724 1601
2725 1598
2726 1587
2727 1554
2728 1573
2729 1545
2730 1598
2731 1587
2732 1589
2733 1549
2734 1556
2735 1591
2736 1536
2737 1550
2738 1602
2739 1579
2740 1596
2741 1595
2742 1596
2743 1537
2744 1552
2745 1558
2746 1591
2747 1556
2748 1574
2749 1599
2750 1582
2751 1609
2752 1557
2753 1568
2754 1520
2755 1551
2756 1571
2757 1582
2758 1535
2759 1598
2760 1586
2761 1567
2762 1563
2763 1607
2764 1532
2765 1590
2766 1560
2767 1567
2768 1579
2769 1572
2770 1529
2771 1635
2772 1556
2773 1567
2774 1572
2775 1581
2776 1573
2777 1524
2778 1613
2779 1632
2780 1609
2781 1551
2782 1591
2783 1528
2784 1558
2785 1579
2786 1503
2787 1594
2788 1618
2789 1564
2790 1567
2791 1631
2792 1510
2793 1549
2794 1575
2795 1523
2796 1602
2797 1642
2798 1564
2799 1592
2800 1538
2801 1570
2802 1547
2803 1610
2804 1607
2805 1591
2806 1551
2807 1580
2808 1630
2809 1578
2810 1570
2811 1583
2812 1571
2813 1589
2814 1590
2815 1612
2816 1613
2817 1549
2818 1530
2819 1545
2820 1553
2821 1560
2822 1604
2823 1541
2824 1589
2825 1586
2826 1539
2827 1580
2828 1569
2829 1552
2830 1575
2831 1603
2832 1591
2833 1552
2834 1575
2835 1543
2836 1573
2837 1578
2838 1559
2839 1539
2840 1606
2841 1552
2842 1561
2843 1532
2844 1560
2845 1616
2846 1501
2847 1573
2848 1542
2849 1525
2850 1569
2851 1583
2852 1555
2853 1611
2854 1537
2855 1580
2856 1539
2857 1556
2858 1551
2859 1593
2860 1540
2861 1575
2862 1552
2863 1558
2864 1602
2865 1549
2866 1623
2867 1573
2868 1509
2869 1575
2870 1603
2871 1558
2872 1552
2873 1580
2874 1584
2875 1561
2876 1594
2877 1618
2878 1588
2879 1573
2880 1600
2881 1624
2882 1555
2883 1525
2884 1588
2885 1574
2886 1589
2887 1520
2888 1553
2889 1532
2890 1581
2891 1576
2892 1595
2893 1548
2894 1546
2895 1543
2896 1623
2897 1544
2898 1565
2899 1607
2900 1616
2901 1581
2902 1600
2903 1612
2904 1576
2905 1598
2906 1548
2907 1566
2908 1574
2909 1571
2910 1575
2911 1544
2912 1557
2913 1573
2914 1560
2915 1533
2916 1595
2917 1566
2918 1598
2919 1552
2920 1631
2921 1533
2922 1584
2923 1583
2924 1553
2925 1565
2926 1637
2927 1572
2928 1504
2929 1569
2930 1592
2931 1574
2932 1559
2933 1584
2934 1602
2935 1575
2936 1576
2937 1587
2938 1652
2939 1543
2940 1536
2941 1584
2942 1545
2943 1584
2944 1584
2945 1616
2946 1529
2947 1571
2948 1571
2949 1568
2950 1615
2951 1551
2952 1587
2953 1611
2954 1515
2955 1549
2956 1518
2957 1568
2958 1595
2959 1574
2960 1613
2961 1542
2962 1566
2963 1570
2964 1606
2965 1533
2966 1629
2967 1564
2968 1580
2969 1632
2970 1637
2971 1523
2972 1508
2973 1625
2974 1589
2975 1536
2976 1571
2977 1605
2978 1584
2979 1524
2980 1608
2981 1579
2982 1607
2983 1614
2984 1550
2985 1557
2986 1581
2987 1565
2988 1591
2989 1562
2990 1562
2991 1521
2992 1530
2993 1556
2994 1513
2995 1563
2996 1553
2997 1613
2998 1537
2999 1571
3000 1526
3001 1589
3002 1623
3003 1555
3004 1559
3005 1527
3006 1525
3007 1583
3008 1588
3009 1571
3010 1576
3011 1584
3012 1584
3013 1578
3014 1587
3015 1567
3016 1604
3017 1525
3018 1585
3019 1576
3020 1533
3021 1507
3022 1550
3023 1570
3024 1569
3025 1582
3026 1583
3027 1577
3028 1567
3029 1536
3030 1559
3031 1548
3032 1553
3033 1605
3034 1558
3035 1568
3036 1574
3037 1540
3038 1577
3039 1544
3040 1579
3041 1550
3042 1585
3043 1550
3044 1563
3045 1590
3046 1579
3047 1560
3048 1588
3049 1571
3050 1584
3051 1594
3052 1503
3053 1545
3054 1583
3055 1593
3056 1595
3057 1518
3058 1612
3059 1569
3060 1542
3061 1553
3062 1518
3063 1569
3064 1549
3065 1502
3066 1570
3067 1548
3068 1573
3069 1614
3070 1595
3071 1585
3072 1561
3073 1556
3074 1594
3075 1575
3076 1557
3077 1585
3078 1540
3079 1586
3080 1527
3081 1579
3082 1552
3083 1546
3084 1594
3085 1533
3086 1585
3087 1565
3088 1558
3089 1575
3090 1566
3091 1566
3092 1628
3093 1612
3094 1555
3095 1609
3096 1541
3097 1569
3098 1581
3099 1582
3100 1560
3101 1555
3102 1573
3103 1557
3104 1560
3105 1573
3106 1641
3107 1571
3108 1587
3109 1581
3110 1579
3111 1588
3112 1566
3113 1588
3114 1560
3115 1595
3116 1551
3117 1568
3118 1576
3119 1558
3120 1578
3121 1575
3122 1605
3123 1536
3124 1550
3125 1566
3126 1557
3127 1617
3128 1561
3129 1621
3130 1572
3131 1596
3132 1572
3133 1573
3134 1555
3135 1575
3136 1588
3137 1587
3138 1549
3139 1565
3140 1577
3141 1568
3142 1574
3143 1591
3144 1563
3145 1573
3146 1567
3147 1593
3148 1575
3149 1587
3150 1616
